{
 "cells": [
  {
   "cell_type": "code",
   "execution_count": 1,
   "id": "6e8aafb3",
   "metadata": {},
   "outputs": [],
   "source": [
    "import numpy as np\n",
    "import pandas as pd\n",
    "import open3d as o3d\n",
    "import copy\n",
    "import os"
   ]
  },
  {
   "cell_type": "code",
   "execution_count": 2,
   "id": "976468ca",
   "metadata": {},
   "outputs": [],
   "source": [
    "def draw_pcd(file):\n",
    "    \"\"\"Visualize the point cloud of a file\"\"\"\n",
    "    pcd = o3d.io.read_point_cloud(file, format = 'xyzrgb')\n",
    "    o3d.visualization.draw_geometries([pcd])\n",
    "    return pcd.points\n",
    "#draw_pcd('1new.txt')"
   ]
  },
  {
   "cell_type": "code",
   "execution_count": 3,
   "id": "646fed3d",
   "metadata": {},
   "outputs": [],
   "source": [
    "def cleanTxt(i):\n",
    "    '''Takes in a txt file and with pandas saves a txt file that can be used by open3d'''\n",
    "    data = pd.read_csv('/Users/lucadeste/Desktop/pc-im/'+str(i)+'.txt', header=None)\n",
    "    np.savetxt(f'/Users/lucadeste/Desktop/FinalPointClouds/FinalPointClouds{i}', data.values)\n",
    "    #i=0\n",
    "#cleanTxt(f'{i}.txt',i)"
   ]
  },
  {
   "cell_type": "code",
   "execution_count": 4,
   "id": "f555fa96",
   "metadata": {},
   "outputs": [],
   "source": [
    "def draw_registration_result(source, target, transformation):\n",
    "    '''Draw the point cloud of two files'''\n",
    "    source_temp = copy.deepcopy(source)\n",
    "    target_temp = copy.deepcopy(target)\n",
    "    source_temp.paint_uniform_color([1, 0.706, 0])#Yellow\n",
    "    target_temp.paint_uniform_color([0, 0.651, 0.929])#Cyan\n",
    "    source_temp.transform(transformation)\n",
    "    o3d.visualization.draw_geometries([source_temp, target_temp],\n",
    "                                      zoom=0.4459,\n",
    "                                      front=[0.9288, -0.2951, -0.2242],\n",
    "                                      lookat=[1.6784, 2.0612, 1.4451],\n",
    "                                      up=[-0.3402, -0.9189, -0.1996])\n",
    "\n",
    "def ICP(source,target):\n",
    "    '''Algorithm of Iterative closest point that minimize the distance between two pointclouds'''\n",
    "    threshold = 0.002\n",
    "    trans_init = np.eye(4)\n",
    "    reg_p2p = o3d.pipelines.registration.registration_icp(\n",
    "        source=source, target=target, max_correspondence_distance=threshold, init=trans_init,\n",
    "        estimation_method=o3d.pipelines.registration.TransformationEstimationPointToPoint(),\n",
    "        criteria=o3d.pipelines.registration.ICPConvergenceCriteria(max_iteration=2000))\n",
    "\n",
    "    print(\"Transformation is:\")\n",
    "    print(reg_p2p.transformation)\n",
    "    print('Overlapping:',reg_p2p.fitness)\n",
    "    #draw_registration_result(source, target, reg_p2p.transformation)\n",
    "    return(reg_p2p)"
   ]
  },
  {
   "cell_type": "code",
   "execution_count": 5,
   "id": "9a46336b",
   "metadata": {},
   "outputs": [],
   "source": [
    "def merge(source,target, transformationMatrix):\n",
    "    '''Merge two pointcloud files into one pointcloud file'''\n",
    "    pcd_combined = o3d.geometry.PointCloud()\n",
    "    pcd_combined = source.transform(transformationMatrix)\n",
    "    pcd_combined += target.transform(transformationMatrix)\n",
    "    return pcd_combined\n"
   ]
  },
  {
   "cell_type": "code",
   "execution_count": null,
   "id": "13522689",
   "metadata": {
    "scrolled": true
   },
   "outputs": [
    {
     "name": "stdout",
     "output_type": "stream",
     "text": [
      "['FinalPointClouds173', 'FinalPointClouds187', 'FinalPointClouds180', 'FinalPointClouds174', 'FinalPointClouds142', 'FinalPointClouds189', 'FinalPointClouds145', 'FinalPointClouds111', 'FinalPointClouds129', 'FinalPointClouds116', 'FinalPointClouds120', 'FinalPointClouds118', 'FinalPointClouds127', 'FinalPointClouds144', 'FinalPointClouds143', 'FinalPointClouds188', 'FinalPointClouds175', 'FinalPointClouds181', 'FinalPointClouds186', 'FinalPointClouds172', 'FinalPointClouds119', 'FinalPointClouds126', 'FinalPointClouds121', 'FinalPointClouds128', 'FinalPointClouds117', 'FinalPointClouds110', 'FinalPointClouds95', 'FinalPointClouds61', 'FinalPointClouds59', 'FinalPointClouds66', 'FinalPointClouds92', 'FinalPointClouds50', 'FinalPointClouds68', 'FinalPointClouds57', 'FinalPointClouds32', 'FinalPointClouds203', 'FinalPointClouds35', 'FinalPointClouds204', 'FinalPointClouds69', 'FinalPointClouds56', 'FinalPointClouds51', 'FinalPointClouds58', 'FinalPointClouds93', 'FinalPointClouds67', 'FinalPointClouds60', 'FinalPointClouds94', 'FinalPointClouds34', 'FinalPointClouds205', 'FinalPointClouds33', 'FinalPointClouds202', 'FinalPointClouds211', 'FinalPointClouds20', 'FinalPointClouds18', 'FinalPointClouds27', 'FinalPointClouds11', 'FinalPointClouds29', 'FinalPointClouds16', 'FinalPointClouds42', 'FinalPointClouds89', 'FinalPointClouds45', 'FinalPointClouds87', 'FinalPointClouds73', 'FinalPointClouds74', 'FinalPointClouds80', 'FinalPointClouds28', 'FinalPointClouds17', 'FinalPointClouds10', 'FinalPointClouds19', 'FinalPointClouds26', 'FinalPointClouds210', 'FinalPointClouds21', 'FinalPointClouds81', 'FinalPointClouds75', 'FinalPointClouds72', 'FinalPointClouds86', 'FinalPointClouds44', 'FinalPointClouds43', 'FinalPointClouds88', 'FinalPointClouds132', 'FinalPointClouds135', 'FinalPointClouds103', 'FinalPointClouds104', 'FinalPointClouds6', 'FinalPointClouds150', 'FinalPointClouds168', 'FinalPointClouds1', 'FinalPointClouds157', 'FinalPointClouds161', 'FinalPointClouds8', 'FinalPointClouds195', 'FinalPointClouds159', 'FinalPointClouds192', 'FinalPointClouds166', 'FinalPointClouds105', 'FinalPointClouds102', 'FinalPointClouds134', 'FinalPointClouds133', 'FinalPointClouds158', 'FinalPointClouds167', 'FinalPointClouds193', 'FinalPointClouds194', 'FinalPointClouds160', 'FinalPointClouds9', 'FinalPointClouds169', 'FinalPointClouds0', 'FinalPointClouds156', 'FinalPointClouds7', 'FinalPointClouds151', 'FinalPointClouds115', 'FinalPointClouds112', 'FinalPointClouds124', 'FinalPointClouds123', 'FinalPointClouds183', 'FinalPointClouds177', 'FinalPointClouds148', 'FinalPointClouds170', 'FinalPointClouds184', 'FinalPointClouds146', 'FinalPointClouds179', 'FinalPointClouds141', 'FinalPointClouds122', 'FinalPointClouds125', 'FinalPointClouds113', 'FinalPointClouds114', 'FinalPointClouds140', 'FinalPointClouds147', 'FinalPointClouds178', 'FinalPointClouds185', 'FinalPointClouds171', 'FinalPointClouds176', 'FinalPointClouds182', 'FinalPointClouds149', 'FinalPointClouds209', 'FinalPointClouds38', 'FinalPointClouds36', 'FinalPointClouds207', 'FinalPointClouds31', 'FinalPointClouds200', 'FinalPointClouds65', 'FinalPointClouds91', 'FinalPointClouds96', 'FinalPointClouds62', 'FinalPointClouds54', 'FinalPointClouds98', 'FinalPointClouds53', 'FinalPointClouds30', 'FinalPointClouds201', 'FinalPointClouds37', 'FinalPointClouds206', 'FinalPointClouds208', 'FinalPointClouds39', 'FinalPointClouds99', 'FinalPointClouds52', 'FinalPointClouds55', 'FinalPointClouds63', 'FinalPointClouds97', 'FinalPointClouds90', 'FinalPointClouds64', 'FinalPointClouds46', 'FinalPointClouds79', 'FinalPointClouds41', 'FinalPointClouds77', 'FinalPointClouds83', 'FinalPointClouds48', 'FinalPointClouds84', 'FinalPointClouds70', 'FinalPointClouds24', 'FinalPointClouds212', 'FinalPointClouds23', 'FinalPointClouds15', 'FinalPointClouds12', 'FinalPointClouds71', 'FinalPointClouds85', 'FinalPointClouds82', 'FinalPointClouds76', 'FinalPointClouds49', 'FinalPointClouds40', 'FinalPointClouds47', 'FinalPointClouds78', 'FinalPointClouds13', 'FinalPointClouds14', 'FinalPointClouds213', 'FinalPointClouds22', 'FinalPointClouds25', 'FinalPointClouds2', 'FinalPointClouds154', 'FinalPointClouds198', 'FinalPointClouds5', 'FinalPointClouds153', 'FinalPointClouds191', 'FinalPointClouds165', 'FinalPointClouds162', 'FinalPointClouds196', 'FinalPointClouds136', 'FinalPointClouds109', 'FinalPointClouds131', 'FinalPointClouds107', 'FinalPointClouds138', 'FinalPointClouds100', 'FinalPointClouds197', 'FinalPointClouds163', 'FinalPointClouds164', 'FinalPointClouds190', 'FinalPointClouds4', 'FinalPointClouds199', 'FinalPointClouds152', 'FinalPointClouds3', 'FinalPointClouds155', 'FinalPointClouds101', 'FinalPointClouds106', 'FinalPointClouds139', 'FinalPointClouds130', 'FinalPointClouds137', 'FinalPointClouds108']\n",
      "Modified point clouds: ['FinalPointClouds0', 'FinalPointClouds1', 'FinalPointClouds2', 'FinalPointClouds3', 'FinalPointClouds4', 'FinalPointClouds5', 'FinalPointClouds6', 'FinalPointClouds7', 'FinalPointClouds8', 'FinalPointClouds9', 'FinalPointClouds10', 'FinalPointClouds11', 'FinalPointClouds12', 'FinalPointClouds13', 'FinalPointClouds14', 'FinalPointClouds15', 'FinalPointClouds16', 'FinalPointClouds17', 'FinalPointClouds18', 'FinalPointClouds19', 'FinalPointClouds20', 'FinalPointClouds21', 'FinalPointClouds22', 'FinalPointClouds23', 'FinalPointClouds24', 'FinalPointClouds25', 'FinalPointClouds26', 'FinalPointClouds27', 'FinalPointClouds28', 'FinalPointClouds29', 'FinalPointClouds30', 'FinalPointClouds31', 'FinalPointClouds32', 'FinalPointClouds33', 'FinalPointClouds34', 'FinalPointClouds35', 'FinalPointClouds36', 'FinalPointClouds37', 'FinalPointClouds38', 'FinalPointClouds39', 'FinalPointClouds40', 'FinalPointClouds41', 'FinalPointClouds42', 'FinalPointClouds43', 'FinalPointClouds44', 'FinalPointClouds45', 'FinalPointClouds46', 'FinalPointClouds47', 'FinalPointClouds48', 'FinalPointClouds49', 'FinalPointClouds50', 'FinalPointClouds51', 'FinalPointClouds52', 'FinalPointClouds53', 'FinalPointClouds54', 'FinalPointClouds55', 'FinalPointClouds56', 'FinalPointClouds57', 'FinalPointClouds58', 'FinalPointClouds59', 'FinalPointClouds60', 'FinalPointClouds61', 'FinalPointClouds62', 'FinalPointClouds63', 'FinalPointClouds64', 'FinalPointClouds65', 'FinalPointClouds66', 'FinalPointClouds67', 'FinalPointClouds68', 'FinalPointClouds69', 'FinalPointClouds70', 'FinalPointClouds71', 'FinalPointClouds72', 'FinalPointClouds73', 'FinalPointClouds74', 'FinalPointClouds75', 'FinalPointClouds76', 'FinalPointClouds77', 'FinalPointClouds78', 'FinalPointClouds79', 'FinalPointClouds80', 'FinalPointClouds81', 'FinalPointClouds82', 'FinalPointClouds83', 'FinalPointClouds84', 'FinalPointClouds85', 'FinalPointClouds86', 'FinalPointClouds87', 'FinalPointClouds88', 'FinalPointClouds89', 'FinalPointClouds90', 'FinalPointClouds91', 'FinalPointClouds92', 'FinalPointClouds93', 'FinalPointClouds94', 'FinalPointClouds95', 'FinalPointClouds96', 'FinalPointClouds97', 'FinalPointClouds98', 'FinalPointClouds99', 'FinalPointClouds100', 'FinalPointClouds101', 'FinalPointClouds102', 'FinalPointClouds103', 'FinalPointClouds104', 'FinalPointClouds105', 'FinalPointClouds106', 'FinalPointClouds107', 'FinalPointClouds108', 'FinalPointClouds109', 'FinalPointClouds110', 'FinalPointClouds111', 'FinalPointClouds112', 'FinalPointClouds113', 'FinalPointClouds114', 'FinalPointClouds115', 'FinalPointClouds116', 'FinalPointClouds117', 'FinalPointClouds118', 'FinalPointClouds119', 'FinalPointClouds120', 'FinalPointClouds121', 'FinalPointClouds122', 'FinalPointClouds123', 'FinalPointClouds124', 'FinalPointClouds125', 'FinalPointClouds126', 'FinalPointClouds127', 'FinalPointClouds128', 'FinalPointClouds129', 'FinalPointClouds130', 'FinalPointClouds131', 'FinalPointClouds132', 'FinalPointClouds133', 'FinalPointClouds134', 'FinalPointClouds135', 'FinalPointClouds136', 'FinalPointClouds137', 'FinalPointClouds138', 'FinalPointClouds139', 'FinalPointClouds140', 'FinalPointClouds141', 'FinalPointClouds142', 'FinalPointClouds143', 'FinalPointClouds144', 'FinalPointClouds145', 'FinalPointClouds146', 'FinalPointClouds147', 'FinalPointClouds148', 'FinalPointClouds149', 'FinalPointClouds150', 'FinalPointClouds151', 'FinalPointClouds152', 'FinalPointClouds153', 'FinalPointClouds154', 'FinalPointClouds155', 'FinalPointClouds156', 'FinalPointClouds157', 'FinalPointClouds158', 'FinalPointClouds159', 'FinalPointClouds160', 'FinalPointClouds161', 'FinalPointClouds162', 'FinalPointClouds163', 'FinalPointClouds164', 'FinalPointClouds165', 'FinalPointClouds166', 'FinalPointClouds167', 'FinalPointClouds168', 'FinalPointClouds169', 'FinalPointClouds170', 'FinalPointClouds171', 'FinalPointClouds172', 'FinalPointClouds173', 'FinalPointClouds174', 'FinalPointClouds175', 'FinalPointClouds176', 'FinalPointClouds177', 'FinalPointClouds178', 'FinalPointClouds179', 'FinalPointClouds180', 'FinalPointClouds181', 'FinalPointClouds182', 'FinalPointClouds183', 'FinalPointClouds184', 'FinalPointClouds185', 'FinalPointClouds186', 'FinalPointClouds187', 'FinalPointClouds188', 'FinalPointClouds189', 'FinalPointClouds190', 'FinalPointClouds191', 'FinalPointClouds192', 'FinalPointClouds193', 'FinalPointClouds194', 'FinalPointClouds195', 'FinalPointClouds196', 'FinalPointClouds197', 'FinalPointClouds198', 'FinalPointClouds199', 'FinalPointClouds200', 'FinalPointClouds201', 'FinalPointClouds202', 'FinalPointClouds203', 'FinalPointClouds204', 'FinalPointClouds205', 'FinalPointClouds206', 'FinalPointClouds207', 'FinalPointClouds208', 'FinalPointClouds209', 'FinalPointClouds210', 'FinalPointClouds211', 'FinalPointClouds212', 'FinalPointClouds213']\n",
      "Transformation is:\n",
      "[[ 1.00000000e+00  1.59627013e-08  9.14081272e-06  6.34044373e-04]\n",
      " [-1.59629631e-08  1.00000000e+00  2.86361989e-08  1.51158512e-06]\n",
      " [-9.14081272e-06 -2.86363448e-08  1.00000000e+00 -9.09442369e-05]\n",
      " [ 0.00000000e+00  0.00000000e+00  0.00000000e+00  1.00000000e+00]]\n",
      "Overlapping: 0.0013\n",
      "20000\n",
      "Transformation is:\n",
      "[[ 9.99999999e-01 -3.38816890e-06  4.00835164e-05  1.89435368e-03]\n",
      " [ 3.38867622e-06  1.00000000e+00 -1.26564636e-05 -6.75845613e-04]\n",
      " [-4.00834735e-05  1.26565994e-05  9.99999999e-01  6.72787588e-04]\n",
      " [ 0.00000000e+00  0.00000000e+00  0.00000000e+00  1.00000000e+00]]\n",
      "Overlapping: 0.00985\n",
      "30000\n",
      "Transformation is:\n",
      "[[ 1.00000000e+00 -3.81775543e-06 -1.35256720e-05 -1.66395531e-04]\n",
      " [ 3.81796155e-06  1.00000000e+00  1.52392840e-05  6.94801110e-04]\n",
      " [ 1.35256139e-05 -1.52393356e-05  1.00000000e+00 -5.71196271e-04]\n",
      " [ 0.00000000e+00  0.00000000e+00  0.00000000e+00  1.00000000e+00]]\n",
      "Overlapping: 0.0012\n",
      "40000\n"
     ]
    },
    {
     "name": "stdout",
     "output_type": "stream",
     "text": [
      "Transformation is:\n",
      "[[ 1.00000000e+00 -3.30588980e-06 -5.69734142e-06 -6.93129230e-04]\n",
      " [ 3.30585556e-06  1.00000000e+00 -6.01034685e-06 -3.05911482e-04]\n",
      " [ 5.69736129e-06  6.01032801e-06  1.00000000e+00  6.07952954e-05]\n",
      " [ 0.00000000e+00  0.00000000e+00  0.00000000e+00  1.00000000e+00]]\n",
      "Overlapping: 0.0103\n",
      "50000\n",
      "Transformation is:\n",
      "[[ 1.00000000e+00 -4.41044320e-06  7.66835642e-06  9.19361950e-04]\n",
      " [ 4.41047275e-06  1.00000000e+00 -3.85324521e-06  6.73632956e-06]\n",
      " [-7.66833943e-06  3.85327903e-06  1.00000000e+00  2.87951859e-04]\n",
      " [ 0.00000000e+00  0.00000000e+00  0.00000000e+00  1.00000000e+00]]\n",
      "Overlapping: 0.00112\n",
      "60000\n",
      "Transformation is:\n",
      "[[ 1.00000000e+00  7.88594164e-06 -2.03809218e-05 -1.49705983e-03]\n",
      " [-7.88587299e-06  1.00000000e+00  3.36857902e-06  2.18295509e-05]\n",
      " [ 2.03809484e-05 -3.36841830e-06  1.00000000e+00 -2.51463131e-04]\n",
      " [ 0.00000000e+00  0.00000000e+00  0.00000000e+00  1.00000000e+00]]\n",
      "Overlapping: 0.011866666666666666\n",
      "70000\n",
      "Transformation is:\n",
      "[[ 9.99999999e-01  3.46233531e-05  3.14418299e-05  1.35454034e-03]\n",
      " [-3.46231346e-05  9.99999999e-01 -6.94900852e-06 -5.31948564e-04]\n",
      " [-3.14420705e-05  6.94791989e-06  9.99999999e-01 -3.63203788e-04]\n",
      " [ 0.00000000e+00  0.00000000e+00  0.00000000e+00  1.00000000e+00]]\n",
      "Overlapping: 0.0006285714285714285\n",
      "80000\n",
      "Transformation is:\n",
      "[[ 9.99999999e-01 -4.33512510e-05 -9.89731428e-06 -8.96181658e-05]\n",
      " [ 4.33513244e-05  9.99999999e-01  7.41990767e-06  5.30011964e-04]\n",
      " [ 9.89699261e-06 -7.42033673e-06  1.00000000e+00  4.71207382e-04]\n",
      " [ 0.00000000e+00  0.00000000e+00  0.00000000e+00  1.00000000e+00]]\n",
      "Overlapping: 0.0093\n",
      "90000\n",
      "Transformation is:\n",
      "[[ 1.00000000e+00  2.13242908e-05  5.26915874e-06  1.80237944e-04]\n",
      " [-2.13241851e-05  1.00000000e+00 -2.00621835e-05 -9.96720419e-04]\n",
      " [-5.26958655e-06  2.00620711e-05  1.00000000e+00 -4.78269598e-04]\n",
      " [ 0.00000000e+00  0.00000000e+00  0.00000000e+00  1.00000000e+00]]\n",
      "Overlapping: 0.005288888888888889\n",
      "100000\n",
      "Transformation is:\n",
      "[[ 1.00000000e+00 -7.32161500e-06  1.14654530e-06  1.89810326e-05]\n",
      " [ 7.32159397e-06  1.00000000e+00  1.83398509e-05  8.67772446e-04]\n",
      " [-1.14667957e-06 -1.83398425e-05  1.00000000e+00  4.29874920e-04]\n",
      " [ 0.00000000e+00  0.00000000e+00  0.00000000e+00  1.00000000e+00]]\n",
      "Overlapping: 0.00518\n",
      "110000\n",
      "Transformation is:\n",
      "[[ 1.00000000e+00  3.21574674e-08 -1.25451950e-05 -5.54422532e-04]\n",
      " [-3.24700428e-08  1.00000000e+00 -2.49159454e-05 -1.18658237e-03]\n",
      " [ 1.25451942e-05  2.49159458e-05  1.00000000e+00 -1.86717035e-04]\n",
      " [ 0.00000000e+00  0.00000000e+00  0.00000000e+00  1.00000000e+00]]\n",
      "Overlapping: 0.007672727272727273\n",
      "120000\n",
      "Transformation is:\n",
      "[[ 1.00000000e+00 -8.31313391e-07  4.94200590e-06 -2.13741300e-04]\n",
      " [ 8.31214606e-07  1.00000000e+00  1.99888844e-05  1.02024049e-03]\n",
      " [-4.94202252e-06 -1.99888803e-05  1.00000000e+00  9.02526332e-05]\n",
      " [ 0.00000000e+00  0.00000000e+00  0.00000000e+00  1.00000000e+00]]\n",
      "Overlapping: 0.002025\n",
      "130000\n",
      "Transformation is:\n",
      "[[ 1.00000000e+00 -3.18557849e-06 -1.16882694e-05 -1.51974421e-04]\n",
      " [ 3.18554349e-06  1.00000000e+00 -2.99444594e-06 -2.17106251e-04]\n",
      " [ 1.16882789e-05  2.99440871e-06  1.00000000e+00 -1.52565258e-04]\n",
      " [ 0.00000000e+00  0.00000000e+00  0.00000000e+00  1.00000000e+00]]\n",
      "Overlapping: 0.011115384615384616\n",
      "140000\n",
      "Transformation is:\n",
      "[[ 1.00000000e+00  1.00486729e-05 -2.04560632e-06 -1.40625636e-04]\n",
      " [-1.00486782e-05  1.00000000e+00 -2.60988227e-06 -8.44480762e-05]\n",
      " [ 2.04558009e-06  2.60990282e-06  1.00000000e+00  4.01255588e-05]\n",
      " [ 0.00000000e+00  0.00000000e+00  0.00000000e+00  1.00000000e+00]]\n",
      "Overlapping: 0.0005428571428571429\n",
      "150000\n",
      "Transformation is:\n",
      "[[ 1.00000000e+00 -1.41265537e-05  9.11106919e-06  3.28758174e-04]\n",
      " [ 1.41264935e-05  1.00000000e+00  6.60905877e-06  2.13402303e-04]\n",
      " [-9.11116256e-06 -6.60893006e-06  1.00000000e+00  1.20194633e-04]\n",
      " [ 0.00000000e+00  0.00000000e+00  0.00000000e+00  1.00000000e+00]]\n",
      "Overlapping: 0.0062\n",
      "160000\n",
      "Transformation is:\n",
      "[[ 1.00000000e+00  1.07997421e-06 -4.06340455e-06 -9.29916404e-05]\n",
      " [-1.07995563e-06  1.00000000e+00  4.57377334e-06  2.95244508e-04]\n",
      " [ 4.06340949e-06 -4.57376895e-06  1.00000000e+00 -8.25398615e-05]\n",
      " [ 0.00000000e+00  0.00000000e+00  0.00000000e+00  1.00000000e+00]]\n",
      "Overlapping: 0.0068875\n",
      "170000\n",
      "Transformation is:\n",
      "[[ 1.00000000e+00  7.69763048e-06  5.89747721e-07  2.35602973e-04]\n",
      " [-7.69762596e-06  1.00000000e+00 -7.66237114e-06 -3.85817789e-04]\n",
      " [-5.89806703e-07  7.66236660e-06  1.00000000e+00  6.68245019e-05]\n",
      " [ 0.00000000e+00  0.00000000e+00  0.00000000e+00  1.00000000e+00]]\n",
      "Overlapping: 0.0017529411764705882\n",
      "180000\n",
      "Transformation is:\n",
      "[[ 1.00000000e+00 -1.59756116e-05 -9.32419127e-06 -6.92781891e-04]\n",
      " [ 1.59756049e-05  1.00000000e+00 -7.18354944e-07 -1.65333433e-04]\n",
      " [ 9.32420274e-06  7.18205984e-07  1.00000000e+00 -5.53916777e-04]\n",
      " [ 0.00000000e+00  0.00000000e+00  0.00000000e+00  1.00000000e+00]]\n",
      "Overlapping: 0.00915\n",
      "190000\n",
      "Transformation is:\n",
      "[[ 9.99999999e-01  9.58220322e-06  3.65497531e-05  1.90221333e-03]\n",
      " [-9.58253479e-06  1.00000000e+00  9.07164326e-06  5.92603646e-04]\n",
      " [-3.65496662e-05 -9.07199349e-06  9.99999999e-01  2.10407735e-04]\n",
      " [ 0.00000000e+00  0.00000000e+00  0.00000000e+00  1.00000000e+00]]\n",
      "Overlapping: 0.002673684210526316\n",
      "200000\n",
      "Transformation is:\n",
      "[[ 1.00000000e+00  8.25949540e-06 -1.98581070e-05 -1.07522181e-03]\n",
      " [-8.25966592e-06  1.00000000e+00 -8.58693344e-06 -3.80222748e-04]\n",
      " [ 1.98580361e-05  8.58709746e-06  1.00000000e+00  3.13635630e-04]\n",
      " [ 0.00000000e+00  0.00000000e+00  0.00000000e+00  1.00000000e+00]]\n",
      "Overlapping: 0.00475\n",
      "210000\n",
      "Transformation is:\n",
      "[[ 1.00000000e+00  3.09285129e-06 -3.40193608e-06 -1.46756805e-04]\n",
      " [-3.09285080e-06  1.00000000e+00  1.42746453e-07  4.26504155e-05]\n",
      " [ 3.40193652e-06 -1.42735931e-07  1.00000000e+00 -1.60357773e-04]\n",
      " [ 0.00000000e+00  0.00000000e+00  0.00000000e+00  1.00000000e+00]]\n",
      "Overlapping: 0.00760952380952381\n",
      "220000\n",
      "Transformation is:\n",
      "[[ 1.00000000e+00 -3.01788315e-05  5.13879917e-06  4.01246718e-05]\n",
      " [ 3.01788220e-05  1.00000000e+00  1.85521471e-06  3.19709394e-04]\n",
      " [-5.13885516e-06 -1.85505963e-06  1.00000000e+00  4.56330668e-05]\n",
      " [ 0.00000000e+00  0.00000000e+00  0.00000000e+00  1.00000000e+00]]\n",
      "Overlapping: 0.0007954545454545455\n",
      "230000\n",
      "Transformation is:\n",
      "[[ 1.00000000e+00  2.18456389e-05 -1.44430617e-06  1.44158494e-04]\n",
      " [-2.18456396e-05  1.00000000e+00 -5.15113545e-07 -3.47124510e-04]\n",
      " [ 1.44429491e-06  5.15145097e-07  1.00000000e+00  7.15028647e-05]\n",
      " [ 0.00000000e+00  0.00000000e+00  0.00000000e+00  1.00000000e+00]]\n",
      "Overlapping: 0.0059956521739130434\n",
      "240000\n",
      "Transformation is:\n",
      "[[ 1.00000000e+00 -2.03277545e-05 -1.07340111e-05 -5.36334232e-04]\n",
      " [ 2.03279398e-05  1.00000000e+00  1.72655487e-05  7.27092221e-04]\n",
      " [ 1.07336601e-05 -1.72657669e-05  1.00000000e+00 -1.64746858e-04]\n",
      " [ 0.00000000e+00  0.00000000e+00  0.00000000e+00  1.00000000e+00]]\n",
      "Overlapping: 0.004745833333333334\n",
      "250000\n",
      "Transformation is:\n",
      "[[ 1.00000000e+00  1.71956601e-05 -1.61637208e-06 -8.39885725e-05]\n",
      " [-1.71956874e-05  1.00000000e+00 -1.69012395e-05 -6.11084033e-04]\n",
      " [ 1.61608145e-06  1.69012673e-05  1.00000000e+00  2.00322813e-04]\n",
      " [ 0.00000000e+00  0.00000000e+00  0.00000000e+00  1.00000000e+00]]\n",
      "Overlapping: 0.001584\n",
      "260000\n",
      "Transformation is:\n",
      "[[ 1.00000000e+00  8.80841500e-06  1.26931282e-05  6.05077352e-04]\n",
      " [-8.80841860e-06  1.00000000e+00  2.83578134e-07  3.01763161e-05]\n",
      " [-1.26931257e-05 -2.83689940e-07  1.00000000e+00  1.00279322e-04]\n",
      " [ 0.00000000e+00  0.00000000e+00  0.00000000e+00  1.00000000e+00]]\n",
      "Overlapping: 0.006938461538461538\n",
      "270000\n",
      "Transformation is:\n",
      "[[ 1.00000000e+00  1.22875116e-05 -1.84995238e-05 -1.03887148e-03]\n",
      " [-1.22881037e-05  9.99999999e-01 -3.20077429e-05 -1.58902785e-03]\n",
      " [ 1.84991305e-05  3.20079702e-05  9.99999999e-01 -5.35904090e-04]\n",
      " [ 0.00000000e+00  0.00000000e+00  0.00000000e+00  1.00000000e+00]]\n",
      "Overlapping: 0.0016185185185185185\n",
      "280000\n",
      "Transformation is:\n",
      "[[ 1.00000000e+00 -2.14064950e-05  5.89353788e-06  5.89941891e-04]\n",
      " [ 2.14062812e-05  9.99999999e-01  3.62872123e-05  1.60494166e-03]\n",
      " [-5.89431466e-06 -3.62870861e-05  9.99999999e-01  4.07154612e-04]\n",
      " [ 0.00000000e+00  0.00000000e+00  0.00000000e+00  1.00000000e+00]]\n",
      "Overlapping: 0.0021178571428571427\n",
      "290000\n",
      "Transformation is:\n",
      "[[ 1.00000000e+00  1.46759193e-05  1.62483478e-06 -5.21655151e-05]\n",
      " [-1.46759089e-05  1.00000000e+00 -6.44472717e-06 -4.49485833e-05]\n",
      " [-1.62492936e-06  6.44470332e-06  1.00000000e+00  1.91985938e-04]\n",
      " [ 0.00000000e+00  0.00000000e+00  0.00000000e+00  1.00000000e+00]]\n",
      "Overlapping: 0.005262068965517242\n",
      "300000\n",
      "Transformation is:\n",
      "[[ 1.00000000e+00 -1.21165765e-05 -1.22152487e-05 -3.63781724e-04]\n",
      " [ 1.21167420e-05  1.00000000e+00  1.35467008e-05  3.63615417e-04]\n",
      " [ 1.22150846e-05 -1.35468488e-05  1.00000000e+00 -1.19611754e-05]\n",
      " [ 0.00000000e+00  0.00000000e+00  0.00000000e+00  1.00000000e+00]]\n",
      "Overlapping: 0.00068\n"
     ]
    },
    {
     "name": "stdout",
     "output_type": "stream",
     "text": [
      "310000\n",
      "Transformation is:\n",
      "[[ 1.00000000e+00 -5.36318563e-06  2.51389325e-05  8.37891286e-04]\n",
      " [ 5.36337287e-06  1.00000000e+00 -7.44806233e-06 -4.15976174e-04]\n",
      " [-2.51388926e-05  7.44819715e-06  1.00000000e+00 -2.03617092e-04]\n",
      " [ 0.00000000e+00  0.00000000e+00  0.00000000e+00  1.00000000e+00]]\n",
      "Overlapping: 0.002667741935483871\n",
      "320000\n",
      "Transformation is:\n",
      "[[ 1.00000000e+00 -2.68783251e-06  7.78188567e-06  5.05854699e-04]\n",
      " [ 2.68832578e-06  9.99999998e-01 -6.33876550e-05 -2.81877416e-03]\n",
      " [-7.78171528e-06  6.33876760e-05  9.99999998e-01  6.14479398e-05]\n",
      " [ 0.00000000e+00  0.00000000e+00  0.00000000e+00  1.00000000e+00]]\n",
      "Overlapping: 0.003540625\n",
      "330000\n",
      "Transformation is:\n",
      "[[ 1.00000000e+00  1.48392855e-05 -1.89902702e-05 -7.61831805e-04]\n",
      " [-1.48382097e-05  9.99999998e-01  5.66505244e-05  2.62671649e-03]\n",
      " [ 1.89911109e-05 -5.66502426e-05  9.99999998e-01  6.31142646e-05]\n",
      " [ 0.00000000e+00  0.00000000e+00  0.00000000e+00  1.00000000e+00]]\n",
      "Overlapping: 0.0006757575757575758\n",
      "340000\n",
      "Transformation is:\n",
      "[[ 1.00000000e+00 -7.22314452e-06  5.19943598e-06  1.38280092e-04]\n",
      " [ 7.22312829e-06  1.00000000e+00  3.12103535e-06  2.12124826e-04]\n",
      " [-5.19945852e-06 -3.12099779e-06  1.00000000e+00 -9.87853064e-05]\n",
      " [ 0.00000000e+00  0.00000000e+00  0.00000000e+00  1.00000000e+00]]\n",
      "Overlapping: 0.003408823529411765\n",
      "350000\n",
      "Transformation is:\n",
      "[[ 9.99999999e-01  1.07879725e-05  4.96150187e-05  2.23683693e-03]\n",
      " [-1.07893801e-05  1.00000000e+00  2.83700572e-05  1.31130361e-03]\n",
      " [-4.96147126e-05 -2.83705925e-05  9.99999998e-01  5.70290256e-04]\n",
      " [ 0.00000000e+00  0.00000000e+00  0.00000000e+00  1.00000000e+00]]\n",
      "Overlapping: 0.00046\n",
      "360000\n",
      "Transformation is:\n",
      "[[ 1.00000000e+00 -1.77431791e-06  9.96513736e-06 -9.67051004e-05]\n",
      " [ 1.77457444e-06  1.00000000e+00 -2.57425296e-05 -1.39643549e-03]\n",
      " [-9.96509168e-06  2.57425473e-05  1.00000000e+00 -1.32228562e-03]\n",
      " [ 0.00000000e+00  0.00000000e+00  0.00000000e+00  1.00000000e+00]]\n",
      "Overlapping: 0.00105\n",
      "370000\n",
      "Transformation is:\n",
      "[[ 9.99999998e-01 -7.19802774e-06 -5.89571234e-05 -2.20933001e-03]\n",
      " [ 7.19789562e-06  1.00000000e+00 -2.24127386e-06  3.00908932e-05]\n",
      " [ 5.89571396e-05  2.24084949e-06  9.99999998e-01  7.53519487e-04]\n",
      " [ 0.00000000e+00  0.00000000e+00  0.00000000e+00  1.00000000e+00]]\n",
      "Overlapping: 0.002210810810810811\n",
      "380000\n",
      "Transformation is:\n",
      "[[ 1.00000000e+00 -1.55024512e-06 -1.72485552e-07  8.59023908e-05]\n",
      " [ 1.55025026e-06  1.00000000e+00  2.97836877e-05  1.16333405e-03]\n",
      " [ 1.72439380e-07 -2.97836879e-05  1.00000000e+00  1.66433146e-05]\n",
      " [ 0.00000000e+00  0.00000000e+00  0.00000000e+00  1.00000000e+00]]\n",
      "Overlapping: 0.0004605263157894737\n",
      "390000\n",
      "Transformation is:\n",
      "[[ 1.00000000e+00  2.31790937e-06 -1.76080114e-05 -7.97027346e-04]\n",
      " [-2.31836075e-06  1.00000000e+00 -2.56348497e-05 -1.09377991e-03]\n",
      " [ 1.76079520e-05  2.56348905e-05  1.00000000e+00  3.08214695e-05]\n",
      " [ 0.00000000e+00  0.00000000e+00  0.00000000e+00  1.00000000e+00]]\n",
      "Overlapping: 0.0019076923076923077\n",
      "400000\n",
      "Transformation is:\n",
      "[[ 1.00000000e+00 -5.65202445e-06  1.65224981e-05  7.44595131e-04]\n",
      " [ 5.65213250e-06  1.00000000e+00 -6.53958238e-06 -1.25472437e-04]\n",
      " [-1.65224611e-05  6.53967577e-06  1.00000000e+00 -2.98102529e-05]\n",
      " [ 0.00000000e+00  0.00000000e+00  0.00000000e+00  1.00000000e+00]]\n",
      "Overlapping: 0.001415\n",
      "410000\n",
      "Transformation is:\n",
      "[[ 1.00000000e+00  8.80569445e-07  1.46552520e-05  6.73586625e-04]\n",
      " [-8.81809535e-07  9.99999996e-01  8.46176182e-05  3.28955541e-03]\n",
      " [-1.46551774e-05 -8.46176312e-05  9.99999996e-01  8.65811136e-05]\n",
      " [ 0.00000000e+00  0.00000000e+00  0.00000000e+00  1.00000000e+00]]\n",
      "Overlapping: 0.0005951219512195122\n",
      "420000\n",
      "Transformation is:\n",
      "[[ 1.00000000e+00  8.22051343e-06 -1.24247560e-05 -5.19432277e-04]\n",
      " [-8.22150882e-06  9.99999997e-01 -8.01155600e-05 -3.10164154e-03]\n",
      " [ 1.24240974e-05  8.01156621e-05  9.99999997e-01 -1.23619319e-04]\n",
      " [ 0.00000000e+00  0.00000000e+00  0.00000000e+00  1.00000000e+00]]\n",
      "Overlapping: 0.002769047619047619\n",
      "430000\n",
      "Transformation is:\n",
      "[[ 1.00000000e+00 -6.81658575e-06 -1.03995686e-05 -7.49539099e-04]\n",
      " [ 6.81657463e-06  1.00000000e+00 -1.07016652e-06 -8.20053215e-05]\n",
      " [ 1.03995759e-05  1.07009564e-06  1.00000000e+00 -5.78758485e-05]\n",
      " [ 0.00000000e+00  0.00000000e+00  0.00000000e+00  1.00000000e+00]]\n",
      "Overlapping: 0.00043023255813953487\n",
      "440000\n",
      "Transformation is:\n",
      "[[ 9.99999993e-01  2.49155806e-05  1.18501508e-04  4.81983129e-03]\n",
      " [-2.49145549e-05  1.00000000e+00 -8.65743351e-06 -5.98819824e-04]\n",
      " [-1.18501723e-04  8.65448104e-06  9.99999993e-01 -1.06797841e-03]\n",
      " [ 0.00000000e+00  0.00000000e+00  0.00000000e+00  1.00000000e+00]]\n",
      "Overlapping: 0.0005204545454545454\n",
      "450000\n",
      "Transformation is:\n",
      "[[ 9.99999994e-01 -2.68448748e-05 -1.04805847e-04 -3.87513174e-03]\n",
      " [ 2.68457638e-05  1.00000000e+00  8.48049198e-06  6.52819479e-04]\n",
      " [ 1.04805620e-04 -8.48330553e-06  9.99999994e-01  1.10709271e-03]\n",
      " [ 0.00000000e+00  0.00000000e+00  0.00000000e+00  1.00000000e+00]]\n",
      "Overlapping: 0.002926666666666667\n",
      "460000\n",
      "Transformation is:\n",
      "[[ 9.99999992e-01  1.05410860e-04 -7.11541194e-05 -4.41354082e-03]\n",
      " [-1.05409608e-04  9.99999994e-01  1.75998246e-05  4.06760931e-04]\n",
      " [ 7.11559742e-05 -1.75923242e-05  9.99999997e-01 -7.28431442e-07]\n",
      " [ 0.00000000e+00  0.00000000e+00  0.00000000e+00  1.00000000e+00]]\n",
      "Overlapping: 0.00024347826086956522\n",
      "470000\n",
      "Transformation is:\n",
      "[[ 9.99999994e-01 -1.05246506e-04 -9.12243437e-06  1.12912560e-03]\n",
      " [ 1.05246348e-04  9.99999994e-01 -1.72649074e-05 -3.87137114e-04]\n",
      " [ 9.12425139e-06  1.72639472e-05  1.00000000e+00  8.21289886e-04]\n",
      " [ 0.00000000e+00  0.00000000e+00  0.00000000e+00  1.00000000e+00]]\n",
      "Overlapping: 0.0005893617021276596\n",
      "480000\n",
      "Transformation is:\n",
      "[[ 9.99999996e-01  6.08380200e-06  8.54843030e-05  3.33660865e-03]\n",
      " [-6.08380506e-06  1.00000000e+00  3.55638027e-08  2.92637193e-06]\n",
      " [-8.54843028e-05 -3.60838724e-08  9.99999996e-01 -8.14462246e-04]\n",
      " [ 0.00000000e+00  0.00000000e+00  0.00000000e+00  1.00000000e+00]]\n",
      "Overlapping: 0.002675\n",
      "490000\n",
      "Transformation is:\n",
      "[[ 9.99999994e-01 -2.63852850e-06  1.07880801e-04  5.42407371e-03]\n",
      " [ 2.64352173e-06  9.99999999e-01 -4.62845592e-05 -1.61209782e-03]\n",
      " [-1.07880678e-04  4.62848441e-05  9.99999993e-01 -1.75394012e-04]\n",
      " [ 0.00000000e+00  0.00000000e+00  0.00000000e+00  1.00000000e+00]]\n",
      "Overlapping: 0.0004510204081632653\n",
      "500000\n",
      "Transformation is:\n",
      "[[ 9.99999999e-01 -6.51484039e-06  4.73636968e-05  4.32821722e-04]\n",
      " [ 6.51268837e-06  9.99999999e-01  4.54360742e-05  1.63242733e-03]\n",
      " [-4.73639928e-05 -4.54357657e-05  9.99999998e-01 -1.77092336e-03]\n",
      " [ 0.00000000e+00  0.00000000e+00  0.00000000e+00  1.00000000e+00]]\n",
      "Overlapping: 0.000744\n",
      "510000\n",
      "Transformation is:\n",
      "[[ 9.99999988e-01  5.54855299e-07 -1.56491185e-04 -6.15381735e-03]\n",
      " [-5.54433026e-07  1.00000000e+00  2.69842871e-06 -5.61830129e-05]\n",
      " [ 1.56491187e-04 -2.69834191e-06  9.99999988e-01  1.97366196e-03]\n",
      " [ 0.00000000e+00  0.00000000e+00  0.00000000e+00  1.00000000e+00]]\n",
      "Overlapping: 0.0019078431372549019\n",
      "520000\n",
      "Transformation is:\n",
      "[[ 9.99999981e-01  7.49372521e-05  1.78973797e-04  8.75746361e-03]\n",
      " [-7.49381081e-05  9.99999997e-01  4.77635874e-06  3.54582586e-04]\n",
      " [-1.78973438e-04 -4.78977061e-06  9.99999984e-01  1.54005332e-03]\n",
      " [ 0.00000000e+00  0.00000000e+00  0.00000000e+00  1.00000000e+00]]\n",
      "Overlapping: 0.0007423076923076923\n",
      "530000\n",
      "Transformation is:\n",
      "[[ 9.99999989e-01 -1.35136160e-04 -6.87262053e-05 -1.99339658e-03]\n",
      " [ 1.35137872e-04  9.99999991e-01  2.49047290e-05  1.76210288e-03]\n",
      " [ 6.87228391e-05 -2.49140163e-05  9.99999997e-01  6.15809642e-04]\n",
      " [ 0.00000000e+00  0.00000000e+00  0.00000000e+00  1.00000000e+00]]\n",
      "Overlapping: 0.0002\n",
      "540000\n",
      "Transformation is:\n",
      "[[ 9.99999995e-01  9.27848358e-05  3.87650800e-05 -2.05728235e-03]\n",
      " [-9.27833666e-05  9.99999995e-01 -3.79002503e-05 -1.95285983e-03]\n",
      " [-3.87685964e-05  3.78966534e-05  9.99999999e-01 -7.20649923e-04]\n",
      " [ 0.00000000e+00  0.00000000e+00  0.00000000e+00  1.00000000e+00]]\n",
      "Overlapping: 0.0005962962962962963\n",
      "550000\n",
      "Transformation is:\n",
      "[[ 9.99999973e-01 -8.83820329e-05 -2.13939295e-04 -6.98827434e-03]\n",
      " [ 8.84055755e-05  9.99999990e-01  1.10036396e-04  3.20194428e-03]\n",
      " [ 2.13929567e-04 -1.10055306e-04  9.99999971e-01 -4.71756514e-04]\n",
      " [ 0.00000000e+00  0.00000000e+00  0.00000000e+00  1.00000000e+00]]\n",
      "Overlapping: 0.00012727272727272728\n",
      "560000\n",
      "Transformation is:\n",
      "[[ 9.99999999e-01  5.32378463e-05  1.13516425e-05  5.47039219e-04]\n",
      " [-5.32380232e-05  9.99999998e-01  1.55809459e-05  1.28670925e-03]\n",
      " [-1.13508130e-05 -1.55815502e-05  1.00000000e+00 -2.43711333e-04]\n",
      " [ 0.00000000e+00  0.00000000e+00  0.00000000e+00  1.00000000e+00]]\n",
      "Overlapping: 0.0003589285714285714\n",
      "570000\n"
     ]
    },
    {
     "name": "stdout",
     "output_type": "stream",
     "text": [
      "Transformation is:\n",
      "[[ 1.00000000e+00  4.24283822e-06  3.02959020e-05  1.27718040e-03]\n",
      " [-4.23950399e-06  9.99999994e-01 -1.10054423e-04 -4.57747371e-03]\n",
      " [-3.02963688e-05  1.10054294e-04  9.99999993e-01 -6.74244003e-04]\n",
      " [ 0.00000000e+00  0.00000000e+00  0.00000000e+00  1.00000000e+00]]\n",
      "Overlapping: 0.0012543859649122807\n",
      "580000\n",
      "Transformation is:\n",
      "[[ 9.99999981e-01  1.63600466e-04  1.04669291e-04  4.00788932e-03]\n",
      " [-1.63597820e-04  9.99999986e-01 -2.52920996e-05  7.40592634e-04]\n",
      " [-1.04673428e-04  2.52749755e-05  9.99999994e-01  5.86453643e-04]\n",
      " [ 0.00000000e+00  0.00000000e+00  0.00000000e+00  1.00000000e+00]]\n",
      "Overlapping: 0.0005724137931034483\n",
      "590000\n",
      "Transformation is:\n",
      "[[ 9.99999975e-01  1.50733831e-04 -1.62358380e-04 -7.74574396e-03]\n",
      " [-1.50752650e-04  9.99999982e-01 -1.15905152e-04 -4.72926292e-03]\n",
      " [ 1.62340906e-04  1.15929625e-04  9.99999980e-01 -1.04837626e-03]\n",
      " [ 0.00000000e+00  0.00000000e+00  0.00000000e+00  1.00000000e+00]]\n",
      "Overlapping: 0.00036440677966101696\n",
      "600000\n",
      "Transformation is:\n",
      "[[ 9.99999950e-01 -3.10039168e-04  5.83741092e-05  3.66305309e-03]\n",
      " [ 3.10031562e-04  9.99999943e-01  1.30255409e-04  3.93464349e-03]\n",
      " [-5.84144902e-05 -1.30237305e-04  9.99999990e-01  4.56699326e-04]\n",
      " [ 0.00000000e+00  0.00000000e+00  0.00000000e+00  1.00000000e+00]]\n",
      "Overlapping: 0.001035\n",
      "610000\n",
      "Transformation is:\n",
      "[[ 9.99999971e-01  2.39026809e-04  1.26827525e-05  1.59985761e-04]\n",
      " [-2.39028110e-04  9.99999966e-01  1.02698763e-04  2.64298854e-03]\n",
      " [-1.26582044e-05 -1.02701792e-04  9.99999995e-01  1.93239280e-04]\n",
      " [ 0.00000000e+00  0.00000000e+00  0.00000000e+00  1.00000000e+00]]\n",
      "Overlapping: 0.00015737704918032788\n",
      "620000\n",
      "Transformation is:\n",
      "[[ 9.99999969e-01 -2.40447200e-04 -6.85209174e-05 -3.01028472e-03]\n",
      " [ 2.40440353e-04  9.99999966e-01 -9.99069297e-05 -2.54190844e-03]\n",
      " [ 6.85449374e-05  9.98904514e-05  9.99999993e-01 -6.67313524e-04]\n",
      " [ 0.00000000e+00  0.00000000e+00  0.00000000e+00  1.00000000e+00]]\n",
      "Overlapping: 0.0010774193548387097\n",
      "630000\n",
      "Transformation is:\n",
      "[[ 1.00000000e+00  2.53740880e-06  1.34222646e-05  1.23877545e-03]\n",
      " [-2.53738754e-06  1.00000000e+00 -1.58372681e-06 -1.11165146e-04]\n",
      " [-1.34222686e-05  1.58369276e-06  1.00000000e+00  1.00802310e-03]\n",
      " [ 0.00000000e+00  0.00000000e+00  0.00000000e+00  1.00000000e+00]]\n",
      "Overlapping: 0.0007825396825396825\n",
      "640000\n",
      "Transformation is:\n",
      "[[ 1.00000000e+00 -4.54390850e-06  1.01361626e-05  9.30285844e-04]\n",
      " [ 4.54382241e-06  1.00000000e+00  8.49341170e-06 -3.94520920e-05]\n",
      " [-1.01362012e-05 -8.49336565e-06  1.00000000e+00 -4.54714637e-04]\n",
      " [ 0.00000000e+00  0.00000000e+00  0.00000000e+00  1.00000000e+00]]\n",
      "Overlapping: 0.0003765625\n",
      "650000\n",
      "Transformation is:\n",
      "[[ 9.99999999e-01  3.66801829e-05 -3.40527961e-05 -2.75591152e-03]\n",
      " [-3.66810643e-05  9.99999999e-01 -2.58844360e-05 -4.22414993e-04]\n",
      " [ 3.40518466e-05  2.58856851e-05  9.99999999e-01 -4.13743903e-04]\n",
      " [ 0.00000000e+00  0.00000000e+00  0.00000000e+00  1.00000000e+00]]\n",
      "Overlapping: 0.0013384615384615384\n",
      "660000\n",
      "Transformation is:\n",
      "[[ 9.99999998e-01 -4.62583344e-05 -4.79468194e-05 -7.71114080e-04]\n",
      " [ 4.62600440e-05  9.99999998e-01  3.56552687e-05  1.22208818e-03]\n",
      " [ 4.79451700e-05 -3.56574867e-05  9.99999998e-01  6.88115874e-04]\n",
